0995510404
0685542551
0930320145
0669932753
0636955302
0934710699
0956203959
0933052982
0972849743
0997914210
0739966258
0739966258
0677491970
0977205619
0686343663
0664750826
0962478614
0961466575
0665159470
0938857382
0685921581
0953438673
0683178588
0958000440
0678858339
0502599230
0962314802
0635200657
0958000340
0664639203
0673587083
0688763451
0998151156
0506457705
0989309367
0507014918
0663736882
0665021504
0663965581
0966252898
0955334925
0672919811
0630613411
0509035901
0952588355
0933608895
0508466201
0734820561
0997083655
0966296185
0956853021
0638809826
0637168532
0508401770
0987453047
0984851399
0964052257
0958177964
0505059269
0979820150
0500322811
0952519199
0980920361
0957430524
0988504312
0970885873
0954054440
0501917203
0684786351
0683793216
0685055438
0982950707
0667902574
0966568370
0955941987

0995283496
0680731682
0662774962
0668316075
0668316070
0995044073
0965765643
0990917853
0664266987
0990709390
0998456047
0991382950
0679420072
0664881632
0975896477
0958188566